6
5 0 1 2 3 4
167
0 225 1000 4000 2 3 6
0 112 1000 1000 0 1 4
0 143 512 5000 0 7 32
0 250 512 4000 0 4 7
0 480 96 512 0 1 1
0 200 1000 2000 0 1 2
0 800 768 2000 0 0 0
0 810 1000 5000 0 1 1
0 115 512 6000 16 1 6
0 56 1000 4000 0 1 6
0 330 1000 2000 0 1 2
0 150 512 4000 0 8 128
0 56 4000 12000 0 1 8
0 220 1000 8000 16 1 2
0 250 1000 16000 1 1 8
0 300 384 12000 6 1 24
0 70 4000 12000 8 6 8
0 200 1000 8000 0 1 2
0 50 2000 8000 8 3 6
0 250 512 4000 0 1 7
0 240 512 1000 8 1 3
0 50 2620 10480 30 12 24
0 300 768 4500 0 1 24
0 225 2000 4000 8 3 6
0 92 2000 8000 4 1 6
0 50 500 2000 8 1 4
0 110 1000 4000 16 1 2
0 125 2000 8000 0 2 14
0 320 256 6000 0 1 6
0 160 1000 8000 16 1 14
0 50 2000 4000 0 3 6
0 350 64 64 0 1 4
0 133 1000 12000 9 3 12
0 50 2620 10480 30 12 24
0 75 3000 8000 8 3 48
0 1100 768 2000 0 1 1
0 240 512 2000 8 1 5
0 143 3100 6200 0 5 20
0 200 512 16000 0 4 32
0 300 192 768 6 6 24
0 400 2000 4000 0 1 1
0 320 512 8000 4 1 5
0 140 2000 4000 0 3 6
0 160 1000 4000 8 1 14
0 700 256 2000 0 1 1
0 330 1000 3000 0 2 4
0 50 1000 4000 8 3 5
0 180 2000 8000 8 1 6
0 180 512 4000 0 1 3
0 100 1000 8000 24 2 6
0 50 1000 4000 8 1 5
0 105 2000 6000 16 6 16
0 320 512 2000 4 1 3
0 105 2000 8000 16 4 14
0 50 2000 16000 8 3 6
0 50 2000 16000 12 3 16
0 50 2000 16000 24 6 16
0 800 256 8000 0 1 4
0 200 512 8000 8 1 8
0 300 768 3000 0 6 24
0 203 1000 2000 0 1 5
0 100 1000 8000 24 3 6
0 300 768 3000 6 6 24
0 180 2000 16000 16 1 6
0 50 2000 16000 8 3 5
0 700 384 8000 0 1 1
0 320 256 3000 4 1 3
0 800 256 8000 0 1 4
0 140 2000 4000 8 1 20
0 143 1000 2000 0 5 16
0 56 2000 8000 0 1 8
0 105 2000 4000 8 3 8
0 900 1000 4000 8 1 2
0 25 2000 12000 8 1 4
0 50 2000 16000 24 1 6
0 1500 768 2000 0 0 0
0 115 2000 8000 16 1 3
0 800 256 8000 0 1 4
0 480 1000 4000 0 0 0
0 330 1000 4000 0 3 6
0 320 256 5000 4 1 6
0 160 512 4000 2 1 5
0 56 4000 8000 0 1 8
0 124 1000 8000 0 1 8
0 56 4000 16000 0 1 8
0 110 1000 12000 16 1 2
0 50 2000 16000 8 3 6
0 400 4000 8000 0 1 1
0 800 256 8000 0 1 4
0 105 256 2000 0 3 10
0 900 512 1000 0 1 2
0 50 2000 8000 8 1 6
0 175 256 2000 0 3 24
0 1100 512 1500 0 1 1
0 50 2000 16000 24 1 6
0 100 1000 8000 0 2 6
0 180 262 4000 0 1 3
0 900 2000 4000 0 3 6
0 133 1000 8000 9 3 12
0 300 1000 4000 8 3 64
0 116 2000 8000 32 5 28
0 810 512 512 8 1 1
0 200 1000 4000 0 1 4
0 300 1000 16000 8 2 112
0 200 2000 8000 64 1 5
0 320 512 5000 4 1 5
0 75 2000 8000 8 3 24
0 140 2000 8000 32 1 54
0 320 128 6000 0 1 12
0 115 2000 4000 2 1 5
0 50 1000 8000 8 3 5
0 143 2300 6200 0 6 64
0 900 1000 4000 4 1 2
0 110 3100 6200 0 6 64
0 180 262 4000 0 1 3
0 600 768 2000 0 1 1
1 56 5240 20970 30 12 24
1 38 8000 24000 160 4 8
1 180 768 12000 6 1 31
1 60 2000 8000 65 1 8
1 60 4000 16000 32 1 6
1 52 4000 16000 32 4 12
1 140 2000 32000 32 1 20
1 17 4000 16000 32 6 12
1 38 8000 16000 64 4 8
1 60 4000 16000 64 5 8
1 75 2000 16000 64 1 38
1 140 2000 32000 32 1 54
1 17 4000 16000 8 6 12
1 72 4000 16000 64 8 16
1 29 8000 16000 32 8 16
1 26 8000 24000 32 8 16
1 50 2000 32000 24 6 26
1 50 4000 16000 64 5 10
1 29 8000 32000 32 8 32
1 59 4000 12000 32 6 12
1 72 2000 8000 16 6 8
1 140 1000 16000 16 1 3
1 57 4000 16000 1 6 12
1 50 4000 16000 65 1 8
1 160 2000 8000 32 1 13
2 40 8000 32000 64 8 24
2 59 8000 16000 64 12 24
2 26 8000 32000 0 8 24
2 75 2000 16000 128 1 38
2 140 2000 32000 32 1 54
2 29 8000 32000 32 8 32
2 29 8000 32000 32 8 32
2 38 8000 32000 64 8 24
2 50 2000 32000 48 26 52
2 48 4000 24000 32 8 24
2 64 5240 20970 30 12 24
2 38 4000 16000 128 16 32
2 26 8000 32000 64 8 32
2 25 1310 2620 131 12 24
2 26 8000 32000 64 12 16
3 23 16000 32000 64 16 32
3 23 16000 32000 64 16 32
3 26 16000 32000 64 8 24
3 26 16000 32000 64 16 24
3 35 8000 32000 64 8 24
3 50 4000 32000 112 52 104
3 26 8000 32000 128 24 32
3 23 16000 64000 64 16 32
3 38 16000 32000 128 16 32
4 23 32000 64000 128 32 64
4 30 8000 64000 96 12 176
