112 1000 1000 0 1 4 1
480 96 512 0 1 1 1
56 1000 4000 0 1 6 1
330 1000 2000 0 1 2 1
240 512 1000 8 1 3 1
350 64 64 0 1 4 1
1100 768 2000 0 1 1 1
240 512 2000 8 1 5 1
330 1000 3000 0 2 4 1
180 512 4000 0 1 3 1
800 256 8000 0 1 4 1
800 256 8000 0 1 4 1
800 256 8000 0 1 4 1
900 512 1000 0 1 2 1
1100 512 1500 0 1 1 1
100 1000 8000 0 2 6 1
180 262 4000 0 1 3 1
600 768 2000 0 1 1 1
225 1000 4000 2 3 6 2
800 768 2000 0 0 0 2
810 1000 5000 0 1 1 2
50 500 2000 8 1 4 2
700 256 2000 0 1 1 2
203 1000 2000 0 1 5 2
700 384 8000 0 1 1 2
800 256 8000 0 1 4 2
140 2000 4000 8 1 20 2
56 2000 8000 0 1 8 2
105 2000 4000 8 3 8 2
900 1000 4000 8 1 2 2
1500 768 2000 0 0 0 2
330 1000 4000 0 3 6 2
175 256 2000 0 3 24 2
810 512 512 8 1 1 2
320 128 6000 0 1 12 2
900 1000 4000 4 1 2 2
180 262 4000 0 1 3 2
143 512 5000 0 7 32 3
200 1000 2000 0 1 2 3
150 512 4000 0 8 128 3
250 512 4000 0 1 7 3
110 1000 4000 16 1 2 3
50 2000 4000 0 3 6 3
50 2620 10480 30 12 24 3
400 2000 4000 0 1 1 3
140 2000 4000 0 3 6 3
50 1000 4000 8 3 5 3
100 1000 8000 24 2 6 3
50 1000 4000 8 1 5 3
100 1000 8000 24 3 6 3
320 256 3000 4 1 3 3
143 1000 2000 0 5 16 3
320 256 5000 4 1 6 3
160 512 4000 2 1 5 3
400 4000 8000 0 1 1 3
105 256 2000 0 3 10 3
200 1000 4000 0 1 4 3
200 1000 8000 0 1 2 4
225 2000 4000 8 3 6 4
320 256 6000 0 1 6 4
143 3100 6200 0 5 20 4
200 512 16000 0 4 32 4
300 192 768 6 6 24 4
160 1000 4000 8 1 14 4
105 2000 6000 16 6 16 4
300 768 3000 0 6 24 4
56 4000 8000 0 1 8 4
900 2000 4000 0 3 6 4
300 1000 4000 8 3 64 4
300 1000 16000 8 2 112 4
50 1000 8000 8 3 5 4
250 512 4000 0 4 7 5
115 512 6000 16 1 6 5
56 4000 12000 0 1 8 5
250 1000 16000 1 1 8 5
50 2000 8000 8 3 6 5
300 768 4500 0 1 24 5
92 2000 8000 4 1 6 5
320 512 8000 4 1 5 5
180 2000 8000 8 1 6 5
50 2000 16000 12 3 16 5
300 768 3000 6 6 24 5
50 2000 16000 8 3 5 5
25 2000 12000 8 1 4 5
115 2000 8000 16 1 3 5
480 1000 4000 0 0 0 5
124 1000 8000 0 1 8 5
56 4000 16000 0 1 8 5
200 2000 8000 64 1 5 5
115 2000 4000 2 1 5 5
300 384 12000 6 1 24 6
50 2620 10480 30 12 24 6
125 2000 8000 0 2 14 6
160 1000 8000 16 1 14 6
105 2000 8000 16 4 14 6
50 2000 16000 8 3 6 6
50 2000 16000 24 6 16 6
200 512 8000 8 1 8 6
110 1000 12000 16 1 2 6
50 2000 16000 8 3 6 6
50 2000 8000 8 1 6 6
75 2000 8000 8 3 24 6
143 2300 6200 0 6 64 6
220 1000 8000 16 1 2 7
180 768 12000 6 1 31 7
70 4000 12000 8 6 8 7
133 1000 12000 9 3 12 7
75 3000 8000 8 3 48 7
320 512 2000 4 1 3 7
180 2000 16000 16 1 6 7
50 2000 16000 24 1 6 7
50 2000 16000 24 1 6 7
133 1000 8000 9 3 12 7
116 2000 8000 32 5 28 7
320 512 5000 4 1 5 7
140 2000 8000 32 1 54 7
110 3100 6200 0 6 64 7
56 5240 20970 30 12 24 8
60 2000 8000 65 1 8 8
60 4000 16000 32 1 6 8
52 4000 16000 32 4 12 8
140 2000 32000 32 1 20 8
17 4000 16000 32 6 12 8
38 8000 16000 64 4 8 8
60 4000 16000 64 5 8 8
17 4000 16000 8 6 12 8
29 8000 16000 32 8 16 8
50 2000 32000 24 6 26 8
50 4000 16000 64 5 10 8
59 4000 12000 32 6 12 8
72 2000 8000 16 6 8 8
140 1000 16000 16 1 3 8
57 4000 16000 1 6 12 8
50 4000 16000 65 1 8 8
160 2000 8000 32 1 13 8
59 8000 16000 64 12 24 9
38 8000 24000 160 4 8 9
75 2000 16000 128 1 38 9
140 2000 32000 32 1 54 9
29 8000 32000 32 8 32 9
29 8000 32000 32 8 32 9
75 2000 16000 64 1 38 9
140 2000 32000 32 1 54 9
50 2000 32000 48 26 52 9
48 4000 24000 32 8 24 9
64 5240 20970 30 12 24 9
72 4000 16000 64 8 16 9
38 4000 16000 128 16 32 9
26 8000 24000 32 8 16 9
29 8000 32000 32 8 32 9
26 8000 32000 64 12 16 9
40 8000 32000 64 8 24 10
23 16000 32000 64 16 32 10
26 8000 32000 0 8 24 10
23 16000 32000 64 16 32 10
26 16000 32000 64 8 24 10
26 16000 32000 64 16 24 10
35 8000 32000 64 8 24 10
50 4000 32000 112 52 104 10
38 8000 32000 64 8 24 10
26 8000 32000 128 24 32 10
23 32000 64000 128 32 64 10
23 16000 64000 64 16 32 10
26 8000 32000 64 8 32 10
30 8000 64000 96 12 176 10
38 16000 32000 128 16 32 10
25 1310 2620 131 12 24 10
