total data point num: 42
5: 0.979095 0.999771 0.99816 0.992496 0.959586 0.675786 0.157594
0: 0.990041 0.268108 0.0473741 0.00433615 0.0010275 0.000955431 0.00213065
0: 0.990672 0.348549 0.0642888 0.00580773 0.00128075 0.00109097 0.0022022
1: 0.990136 0.571827 0.143588 0.0152715 0.00323881 0.00224385 0.00331423
4: 0.991665 0.99933 0.992754 0.938277 0.59454 0.146713 0.0268102
1: 0.989007 0.698432 0.214037 0.0274429 0.00597307 0.00378962 0.00466428
3: 0.993233 0.998944 0.98994 0.898558 0.421758 0.0853244 0.0158405
1: 0.989087 0.746067 0.288855 0.0393607 0.00803504 0.00461142 0.00483662
0: 0.99129 0.218542 0.0338445 0.00275281 0.000613161 0.000612311 0.00155742
0: 0.988788 0.489945 0.111855 0.0125749 0.00299743 0.00227813 0.00363541
3: 0.992822 0.993838 0.93558 0.562451 0.118083 0.0280284 0.00980279
0: 0.988586 0.421642 0.0925914 0.010099 0.00246482 0.00197183 0.00336659
1: 0.98883 0.595495 0.156128 0.0185639 0.00422826 0.0029411 0.00411847
1: 0.989698 0.69622 0.221301 0.0269668 0.00558689 0.00344638 0.00420697
1: 0.990716 0.792357 0.3005 0.0381586 0.00697998 0.00387089 0.00412936
0: 0.98876 0.486359 0.116671 0.0129813 0.00302341 0.00227426 0.00353501
1: 0.990038 0.672596 0.198961 0.0229841 0.00471214 0.00298574 0.00385124
4: 0.989311 0.998265 0.987565 0.907562 0.513782 0.143345 0.0255771
2: 0.986012 0.911894 0.604011 0.163933 0.0371536 0.0168045 0.0103906
0: 0.990719 0.107465 0.0158458 0.00129114 0.00032841 0.000399305 0.00130926
1: 0.990301 0.547173 0.13598 0.0139907 0.00291205 0.00204219 0.00307037
2: 0.990792 0.910268 0.556355 0.104583 0.0175024 0.00753823 0.00544228
2: 0.989426 0.905902 0.566824 0.118767 0.0221732 0.00966954 0.00670796
0: 0.99043 0.0482962 0.00698917 0.000562176 0.000157235 0.000238599 0.0010011
3: 0.991082 0.992335 0.940006 0.611567 0.151448 0.039046 0.0119416
2: 0.989796 0.972306 0.814244 0.318352 0.0628338 0.0210209 0.00967753
2: 0.991802 0.931675 0.615169 0.121801 0.0192213 0.00754025 0.00520186
2: 0.991802 0.931675 0.615169 0.121801 0.0192213 0.00754025 0.00520186
2: 0.989583 0.936838 0.66324 0.169042 0.030943 0.0123491 0.0074127
3: 0.992102 0.99564 0.963996 0.715696 0.199873 0.0461023 0.0120051
3: 0.989388 0.986801 0.905696 0.520781 0.127727 0.0375446 0.0130899
5: 0.971054 0.99984 0.99946 0.998166 0.989426 0.886713 0.240726
0: 0.988488 0.425379 0.0958129 0.0104879 0.00254646 0.00202165 0.00339421
1: 0.988194 0.584335 0.166511 0.0204063 0.00469091 0.00323231 0.00430379
2: 0.989964 0.977535 0.830817 0.348549 0.0723892 0.0232337 0.0106283
2: 0.989964 0.977535 0.830817 0.348549 0.0723892 0.0232337 0.0106283
0: 0.98927 0.430139 0.0936033 0.00977116 0.00227881 0.00179895 0.0030852
5: 0.96366 0.999799 0.998922 0.997163 0.987474 0.887143 0.314241
6: 0.930356 0.999883 0.999495 0.999227 0.997765 0.977021 0.643892
0: 0.989108 0.403918 0.0871757 0.00903547 0.00212195 0.00171288 0.0029994
2: 0.991868 0.932794 0.616019 0.12189 0.0191764 0.0075042 0.00518542
1: 0.99365 0.800197 0.296815 0.0282038 0.00401419 0.00205701 0.0023719
mean zero one error: 0.452381
class 1 0
	Recall: 0.75 (6/8)
	Precison: 0.545455 (6/11)
class 2 1
	Recall: 0.461538 (6/13)
	Precison: 0.6 (6/10)
class 3 2
	Recall: 0.666667 (6/9)
	Precison: 0.6 (6/10)
class 4 3
	Recall: 0.4 (2/5)
	Precison: 0.4 (2/5)
class 5 4
	Recall: 0.25 (1/4)
	Precison: 0.5 (1/2)
class 6 5
	Recall: 0.5 (1/2)
	Precison: 0.333333 (1/3)
class 7 6
	Recall: 1 (1/1)
	Precison: 1 (1/1)
mean absolute error: 0.47619

