total data point num: 42
8: 0.964509 0.999379 0.999447 0.997611 0.99517 0.994242 0.986804 0.944443 0.748178 0.298102
1: 0.990226 0.591941 0.237043 0.0982469 0.0392728 0.00476381 0.0024859 0.000943178 0.000797562 0.00313863
1: 0.990825 0.69791 0.345021 0.141225 0.0574576 0.00692229 0.00358318 0.00124844 0.000935884 0.00326877
2: 0.991059 0.853585 0.597704 0.283433 0.127653 0.017707 0.00903524 0.00282887 0.00174544 0.00435689
6: 0.986844 0.998995 0.99855 0.993935 0.982573 0.948034 0.847965 0.499486 0.144257 0.0441692
2: 0.991112 0.931474 0.80673 0.434061 0.23373 0.0357249 0.0210968 0.0058394 0.00295361 0.00581864
6: 0.99033 0.998919 0.998338 0.995086 0.982587 0.943782 0.785783 0.384096 0.0841312 0.0224597
3: 0.99022 0.912564 0.749569 0.508422 0.262676 0.052712 0.021812 0.00673849 0.00348831 0.00570438
1: 0.990767 0.590045 0.25367 0.0930658 0.0377285 0.00402139 0.00224288 0.000791997 0.000619986 0.00268743
2: 0.990444 0.814926 0.524146 0.218583 0.0986548 0.0134017 0.00756471 0.00250734 0.00169563 0.00463035
5: 0.991705 0.996692 0.993238 0.966646 0.904318 0.623028 0.36366 0.0930715 0.0221923 0.0126902
1: 0.990023 0.735618 0.386798 0.169163 0.0714455 0.00994051 0.00513758 0.00186388 0.00141806 0.00421071
2: 0.990795 0.882677 0.671446 0.316574 0.152772 0.0218903 0.0122601 0.00374647 0.00221546 0.00509455
2: 0.991068 0.912063 0.745399 0.416893 0.209184 0.0331394 0.0167121 0.00488719 0.00261525 0.00520554
3: 0.991654 0.954033 0.87503 0.584693 0.341044 0.0603995 0.0308961 0.00787314 0.00333361 0.00553603
1: 0.990042 0.785267 0.471023 0.224632 0.0971232 0.0142637 0.00703294 0.00244585 0.00168821 0.00443703
2: 0.991292 0.907709 0.732205 0.391287 0.192674 0.0287119 0.0147747 0.00428782 0.00232539 0.00490094
7: 0.987363 0.998621 0.998245 0.995779 0.985901 0.966397 0.863763 0.551018 0.152877 0.0317101
4: 0.988699 0.975083 0.943046 0.830225 0.638374 0.267432 0.126435 0.0370465 0.0133352 0.0110672
0: 0.989797 0.348755 0.100644 0.0375755 0.0153588 0.00160187 0.000966672 0.00040048 0.000404222 0.00238468
2: 0.990785 0.824895 0.540294 0.271346 0.117618 0.0168162 0.0078752 0.00256111 0.00162292 0.00410868
4: 0.991003 0.974205 0.933209 0.815294 0.58638 0.19037 0.0741322 0.0192448 0.00671842 0.00687391
4: 0.990215 0.969415 0.918943 0.799409 0.564558 0.192745 0.0746677 0.0208545 0.00785367 0.00775878
0: 0.988375 0.188208 0.0480079 0.0188183 0.00804697 0.000815071 0.000533692 0.000244636 0.00027957 0.00210663
5: 0.990196 0.996318 0.993307 0.981174 0.938956 0.794549 0.493055 0.162737 0.0373802 0.0145
4: 0.990312 0.990739 0.98026 0.935059 0.823842 0.48962 0.238164 0.0647419 0.0180449 0.0112348
4: 0.991601 0.977577 0.938348 0.827174 0.598385 0.19252 0.0722778 0.0182153 0.00634159 0.0065351
4: 0.991601 0.977577 0.938348 0.827174 0.598385 0.19252 0.0722778 0.0182153 0.00634159 0.0065351
4: 0.990213 0.980359 0.952229 0.872086 0.686355 0.297285 0.120009 0.0325842 0.0107203 0.00870946
6: 0.990502 0.997482 0.99567 0.988571 0.960346 0.866259 0.592807 0.215942 0.0462906 0.0153476
5: 0.989485 0.99457 0.989981 0.968623 0.908187 0.708764 0.419935 0.133744 0.0336493 0.0151453
8: 0.972245 0.999592 0.999732 0.9995 0.998545 0.999008 0.995775 0.980543 0.86292 0.231265
1: 0.989852 0.72736 0.374973 0.17391 0.0725208 0.010423 0.0051386 0.00189404 0.00144777 0.0042015
2: 0.989896 0.841992 0.578501 0.31307 0.142615 0.0235299 0.0109847 0.0037047 0.00233631 0.0050747
4: 0.990562 0.991958 0.983046 0.922183 0.808151 0.435839 0.238889 0.0621934 0.0176666 0.0123886
4: 0.990562 0.991958 0.983046 0.922183 0.808151 0.435839 0.238889 0.0621934 0.0176666 0.0123886
1: 0.990274 0.744438 0.401086 0.178551 0.0748232 0.01024 0.00516603 0.00183335 0.00135214 0.0040126
8: 0.954994 0.999362 0.999555 0.998427 0.996956 0.997554 0.994367 0.977831 0.884045 0.392466
9: 0.922843 0.999473 0.999693 0.99878 0.998142 0.999029 0.998292 0.994081 0.971439 0.684209
1: 0.990011 0.713572 0.359967 0.168346 0.0690914 0.00965776 0.00466576 0.00170793 0.0012956 0.00390199
4: 0.991704 0.978449 0.941028 0.827333 0.600381 0.191008 0.0731398 0.018219 0.00629366 0.00653687
3: 0.99263 0.940559 0.822464 0.575867 0.299443 0.047897 0.0183058 0.00462054 0.00199847 0.00370832
mean zero one error: 0.52381
class 1 0
	Recall: 0.5 (2/4)
	Precison: 1 (2/2)
class 2 1
	Recall: 0.5 (2/4)
	Precison: 0.25 (2/8)
class 3 2
	Recall: 0.6 (6/10)
	Precison: 0.75 (6/8)
class 4 3
	Recall: 0.333333 (1/3)
	Precison: 0.333333 (1/3)
class 5 4
	Recall: 0.666667 (6/9)
	Precison: 0.6 (6/10)
class 6 5
	Recall: 0 (0/2)
	Precison: 0 (0/3)
class 7 6
	Recall: 0 (0/4)
	Precison: 0 (0/3)
class 8 7
	Recall: 0.333333 (1/3)
	Precison: 1 (1/1)
class 9 8
	Recall: 0.5 (1/2)
	Precison: 0.333333 (1/3)
class 10 9
	Recall: 1 (1/1)
	Precison: 1 (1/1)
mean absolute error: 0.642857

