total data point num: 42
3: 0.966797 0.999503 0.987341 0.84119 0.281877
0: 0.991819 0.00758474 0.00133598 0.000795921 0.00198165
0: 0.991702 0.00881789 0.00153562 0.000890915 0.00211651
0: 0.99001 0.0304786 0.00477327 0.00224865 0.0036897
2: 0.983283 0.990516 0.802574 0.282723 0.0563386
0: 0.987545 0.047344 0.00883619 0.00414967 0.00584671
2: 0.988047 0.982817 0.628438 0.137032 0.0270762
0: 0.989052 0.101533 0.0128884 0.00469604 0.00533411
0: 0.992827 0.00279514 0.000581961 0.00041553 0.00134973
0: 0.989167 0.0293256 0.00511366 0.00251527 0.00413624
1: 0.986703 0.713861 0.153309 0.0350389 0.0160813
0: 0.989809 0.0288554 0.00453868 0.00217154 0.00364836
0: 0.988417 0.0406749 0.00704671 0.00330812 0.00493834
0: 0.988908 0.0567839 0.00863322 0.00367396 0.00497255
0: 0.98906 0.0410395 0.00690409 0.0031674 0.00463054
0: 0.989828 0.0319166 0.00490959 0.00229062 0.00371315
0: 0.989196 0.0440835 0.00692113 0.00309637 0.00453631
2: 0.984803 0.971029 0.585331 0.139267 0.0313991
0: 0.985264 0.334065 0.0535886 0.0162086 0.0115495
0: 0.993304 0.00174494 0.000385902 0.000298603 0.00110726
0: 0.99069 0.026255 0.00388245 0.00183167 0.00315878
0: 0.989193 0.148821 0.0179689 0.00593797 0.00585542
0: 0.988251 0.261767 0.0321235 0.00942936 0.00759761
0: 0.994028 0.000844457 0.000214423 0.000187666 0.000818451
1: 0.98714 0.796712 0.185731 0.0381443 0.0152124
0: 0.986749 0.495506 0.0777142 0.0198908 0.0117328
0: 0.989627 0.214091 0.0237251 0.00703283 0.00616479
0: 0.989627 0.214091 0.0237251 0.00703283 0.00616479
0: 0.987944 0.303644 0.0385462 0.0109672 0.00827586
1: 0.987913 0.871476 0.244952 0.0464465 0.0158003
1: 0.985873 0.716666 0.156024 0.0355682 0.0159321
3: 0.980119 0.999891 0.992555 0.822112 0.152499
0: 0.989928 0.0312499 0.00469074 0.00218711 0.00360595
0: 0.989019 0.0582273 0.00832573 0.00347426 0.00470598
1: 0.985596 0.520429 0.0957726 0.0255089 0.0145118
1: 0.985596 0.520429 0.0957726 0.0255089 0.0145118
0: 0.990338 0.0234824 0.00368669 0.00181091 0.00323296
3: 0.953061 0.999418 0.990945 0.898428 0.370797
4: 0.903273 0.999798 0.998029 0.978286 0.704405
0: 0.990584 0.0218234 0.00334106 0.00164714 0.00301885
0: 0.98958 0.20757 0.0233248 0.00699519 0.00618935
0: 0.992431 0.0206274 0.00264274 0.00121773 0.00227638
mean zero one error: 0.190476
class 1 0
	Recall: 0.933333 (28/30)
	Precison: 0.965517 (28/29)
class 2 1
	Recall: 0.75 (3/4)
	Precison: 0.5 (3/6)
class 3 2
	Recall: 0.2 (1/5)
	Precison: 0.333333 (1/3)
class 4 3
	Recall: 0.5 (1/2)
	Precison: 0.333333 (1/3)
class 5 4
	Recall: 1 (1/1)
	Precison: 1 (1/1)
mean absolute error: 0.214286

