total data point num: 42
4: 0.951838 0.99986 0.999696 0.998993 0.997404
0: 0.983226 0.392424 0.114632 0.0224658 0.00151052
0: 0.984214 0.483549 0.153262 0.0308641 0.00203623
1: 0.985002 0.731193 0.330598 0.0810902 0.00594279
4: 0.983491 0.999568 0.998649 0.992663 0.935552
1: 0.98181 0.796753 0.389242 0.119862 0.012028
4: 0.98991 0.999379 0.998242 0.986402 0.803542
2: 0.986009 0.881704 0.622489 0.205974 0.0158561
0: 0.981692 0.235378 0.0573829 0.0114388 0.000776794
1: 0.98267 0.642654 0.236656 0.0580244 0.00488004
3: 0.988492 0.996245 0.982721 0.90154 0.374778
1: 0.983576 0.625075 0.240084 0.0541883 0.00408781
1: 0.982601 0.743935 0.332234 0.0906202 0.00809984
1: 0.984773 0.826654 0.46496 0.136225 0.0111295
2: 0.984414 0.855063 0.522315 0.16933 0.0146406
1: 0.98383 0.670781 0.289545 0.0670342 0.00498101
1: 0.984744 0.808701 0.430274 0.121346 0.00972758
4: 0.987314 0.99878 0.996823 0.977259 0.74165
2: 0.982938 0.948454 0.813738 0.436882 0.0592243
0: 0.979228 0.102995 0.0216514 0.00453048 0.000329161
1: 0.985609 0.715635 0.335848 0.0772476 0.00513604
2: 0.987492 0.955366 0.838851 0.431768 0.0410121
2: 0.987204 0.958294 0.847869 0.451259 0.0461164
0: 0.971793 0.0257277 0.00522363 0.00127894 0.000108244
3: 0.989148 0.995846 0.986133 0.903831 0.337746
3: 0.986987 0.984901 0.941311 0.712296 0.137489
3: 0.989381 0.969874 0.880137 0.502659 0.0479139
3: 0.989381 0.969874 0.880137 0.502659 0.0479139
3: 0.987104 0.970387 0.893457 0.550761 0.0677472
3: 0.990149 0.997595 0.992493 0.942366 0.448763
3: 0.987213 0.991912 0.970484 0.831812 0.24239
4: 0.969254 0.999878 0.999895 0.99931 0.995755
1: 0.983933 0.643967 0.264983 0.0590687 0.00429603
1: 0.984099 0.774817 0.416325 0.109262 0.00848131
3: 0.986105 0.984073 0.924803 0.688636 0.143477
3: 0.986105 0.984073 0.924803 0.688636 0.143477
1: 0.984146 0.621359 0.241 0.0530276 0.00379229
4: 0.952608 0.999763 0.999415 0.998196 0.995231
4: 0.913225 0.999875 0.999737 0.999383 0.999235
1: 0.984124 0.606683 0.241103 0.0513203 0.00354715
2: 0.989283 0.969553 0.876718 0.498902 0.0480299
2: 0.989949 0.88162 0.610282 0.175045 0.00903194
mean zero one error: 0.47619
class 1 0
	Recall: 0.375 (3/8)
	Precison: 0.6 (3/5)
class 2 1
	Recall: 0.857143 (6/7)
	Precison: 0.461538 (6/13)
class 3 2
	Recall: 0.25 (2/8)
	Precison: 0.285714 (2/7)
class 4 3
	Recall: 0.5 (5/10)
	Precison: 0.5 (5/10)
class 5 4
	Recall: 0.666667 (6/9)
	Precison: 0.857143 (6/7)
mean absolute error: 0.52381

