total data point num: 42
9: 0.984024 0.998182 0.999895 0.999632 0.99969 0.998852 0.99576 0.996711 0.973909 0.761461
1: 0.986518 0.664316 0.335813 0.160598 0.103385 0.0388457 0.022634 0.00452394 0.00131008 0.00138651
1: 0.987592 0.751776 0.478789 0.260402 0.154426 0.0635438 0.0341707 0.00670262 0.00184763 0.0015914
3: 0.988823 0.865762 0.744973 0.51705 0.32038 0.157069 0.0772336 0.0163725 0.00428957 0.00253224
8: 0.989481 0.997059 0.999633 0.998761 0.998251 0.993662 0.976476 0.96515 0.760316 0.252157
3: 0.988638 0.925511 0.878099 0.742981 0.460185 0.303674 0.146271 0.0314905 0.00943317 0.00375317
8: 0.991043 0.996911 0.999566 0.998513 0.998101 0.992122 0.969155 0.951283 0.633673 0.170157
4: 0.987966 0.904685 0.870428 0.698314 0.59541 0.316238 0.169579 0.0537782 0.0114886 0.0060979
1: 0.986361 0.688832 0.333684 0.184076 0.0928794 0.041371 0.0229015 0.00396115 0.00119027 0.00117741
2: 0.98781 0.828214 0.648728 0.408599 0.223161 0.109874 0.0553711 0.0110315 0.003389 0.00218938
7: 0.991358 0.992695 0.997566 0.992791 0.982693 0.95102 0.845343 0.656932 0.210421 0.0387893
2: 0.987149 0.759391 0.522017 0.275985 0.179013 0.0721229 0.0394029 0.00858148 0.00248404 0.00205099
3: 0.988288 0.88526 0.788059 0.5847 0.343644 0.190437 0.0925031 0.0195316 0.00574286 0.00294445
3: 0.989041 0.911649 0.858688 0.691065 0.477603 0.271677 0.13361 0.0316005 0.00797647 0.00374599
4: 0.989134 0.94859 0.932618 0.851048 0.65142 0.462328 0.240988 0.0635097 0.0154523 0.0054951
2: 0.987057 0.796917 0.609661 0.358275 0.246035 0.102269 0.0549802 0.0129273 0.00346968 0.00263499
3: 0.989183 0.910059 0.850578 0.679534 0.451381 0.256405 0.124375 0.0280081 0.00718223 0.00337703
8: 0.986867 0.99625 0.999489 0.998524 0.998347 0.993821 0.977501 0.971803 0.777995 0.304158
6: 0.986234 0.96376 0.972728 0.932074 0.882978 0.733546 0.510145 0.272262 0.0686957 0.0224071
0: 0.984596 0.499563 0.128132 0.0633531 0.0324953 0.0141991 0.00901857 0.00142955 0.000515804 0.000730025
2: 0.988238 0.839437 0.698484 0.455923 0.316352 0.137791 0.0709897 0.0165029 0.00397148 0.00270994
5: 0.988899 0.967986 0.975579 0.93682 0.892506 0.727074 0.487419 0.235917 0.0459925 0.0151077
5: 0.988517 0.960702 0.968622 0.915077 0.872101 0.675442 0.438893 0.209099 0.0415051 0.0149613
0: 0.980212 0.357322 0.049999 0.0297889 0.0131727 0.00697732 0.00481465 0.000684284 0.000306294 0.000556831
7: 0.989242 0.992941 0.998174 0.994767 0.992189 0.97292 0.910779 0.839 0.366949 0.0868832
7: 0.988963 0.985157 0.993116 0.981448 0.96514 0.903285 0.746849 0.528927 0.142641 0.0346449
5: 0.99057 0.972865 0.980149 0.944545 0.900801 0.737762 0.48847 0.221921 0.0400263 0.0123178
5: 0.99057 0.972865 0.980149 0.944545 0.900801 0.737762 0.48847 0.221921 0.0400263 0.0123178
6: 0.988269 0.973135 0.983113 0.954659 0.929101 0.801631 0.588109 0.347063 0.074786 0.023146
7: 0.989797 0.994663 0.998872 0.99665 0.995358 0.982653 0.938536 0.893933 0.45338 0.110456
7: 0.988476 0.98999 0.996652 0.990912 0.98451 0.953221 0.860436 0.738057 0.274358 0.0645694
9: 0.983944 0.998601 0.999941 0.999777 0.999891 0.999475 0.997918 0.998888 0.987295 0.862958
2: 0.986884 0.749904 0.515808 0.267341 0.190046 0.0721944 0.0402773 0.00933398 0.00257639 0.00222699
2: 0.987079 0.840422 0.722356 0.475237 0.357474 0.157293 0.0836753 0.0221683 0.00559512 0.00373677
6: 0.98997 0.985299 0.992136 0.979182 0.946101 0.876647 0.688341 0.402361 0.106293 0.0232005
6: 0.98997 0.985299 0.992136 0.979182 0.946101 0.876647 0.688341 0.402361 0.106293 0.0232005
2: 0.987383 0.770452 0.542363 0.296203 0.193776 0.078137 0.0422483 0.0092114 0.0025446 0.00207321
9: 0.976963 0.997587 0.99984 0.999555 0.999524 0.998635 0.995521 0.996625 0.98086 0.817874
9: 0.967974 0.997763 0.999883 0.999687 0.999661 0.999137 0.99732 0.998357 0.992847 0.91674
1: 0.986801 0.742432 0.498884 0.259194 0.186975 0.0697987 0.0391635 0.00907417 0.00241962 0.00216665
5: 0.990699 0.973765 0.9807 0.946403 0.899285 0.740341 0.488848 0.217427 0.0396475 0.0119011
4: 0.991136 0.946751 0.931853 0.838145 0.706154 0.441448 0.226887 0.0611597 0.0101167 0.00427473
mean zero one error: 0.642857
class 1 0
	Recall: 0.5 (2/4)
	Precison: 1 (2/2)
class 2 1
	Recall: 0.5 (2/4)
	Precison: 0.5 (2/4)
class 3 2
	Recall: 0.25 (1/4)
	Precison: 0.142857 (1/7)
class 4 3
	Recall: 0.333333 (1/3)
	Precison: 0.2 (1/5)
class 5 4
	Recall: 0.2 (1/5)
	Precison: 0.333333 (1/3)
class 6 5
	Recall: 0.666667 (2/3)
	Precison: 0.4 (2/5)
class 7 6
	Recall: 0.142857 (1/7)
	Precison: 0.25 (1/4)
class 8 7
	Recall: 0.333333 (1/3)
	Precison: 0.2 (1/5)
class 9 8
	Recall: 0.2 (1/5)
	Precison: 0.333333 (1/3)
class 10 9
	Recall: 0.75 (3/4)
	Precison: 0.75 (3/4)
mean absolute error: 0.904762

