total data point num: 42
6: 0.98188 0.999835 0.999708 0.999719 0.997561 0.994861 0.925779
1: 0.984196 0.505764 0.20831 0.0889086 0.029447 0.00629103 0.00125715
1: 0.985998 0.63504 0.306206 0.133466 0.044049 0.00883 0.00153142
2: 0.988175 0.841309 0.548116 0.295405 0.103593 0.0203825 0.00288536
6: 0.98986 0.999559 0.998861 0.998167 0.986146 0.94759 0.515886
2: 0.988878 0.92275 0.734398 0.453621 0.191273 0.037299 0.00432072
5: 0.989943 0.999463 0.998645 0.997869 0.983587 0.938633 0.470668
3: 0.986327 0.908504 0.719912 0.526143 0.215105 0.0558961 0.00807268
0: 0.983451 0.449344 0.204476 0.0744655 0.0264234 0.00527194 0.000986118
1: 0.987405 0.795459 0.462219 0.225364 0.079242 0.015446 0.00233285
5: 0.991893 0.997467 0.991203 0.978074 0.885564 0.570886 0.0786005
1: 0.985954 0.707677 0.349553 0.171612 0.0569777 0.0121087 0.00214191
2: 0.987989 0.871221 0.602954 0.332492 0.1253 0.0245722 0.00329751
2: 0.988495 0.907286 0.694927 0.440372 0.173211 0.036033 0.00460746
3: 0.989032 0.947232 0.829591 0.602898 0.283306 0.0625876 0.00676596
1: 0.985631 0.757051 0.428627 0.227124 0.0769593 0.0170377 0.00287831
2: 0.988707 0.901332 0.678935 0.413641 0.159849 0.0319778 0.00404732
6: 0.985719 0.999156 0.9982 0.997327 0.981985 0.944609 0.526826
4: 0.984894 0.973855 0.921534 0.837616 0.551178 0.223931 0.0302726
0: 0.980228 0.206985 0.0763766 0.0259616 0.00996204 0.00212345 0.000508594
2: 0.98692 0.803166 0.502721 0.276246 0.0936654 0.0199411 0.00308482
4: 0.987421 0.974005 0.921406 0.832451 0.520163 0.186115 0.0226698
3: 0.986804 0.970403 0.905331 0.814843 0.4906 0.177192 0.0232442
0: 0.970881 0.0680522 0.0305738 0.00961598 0.00444473 0.00106678 0.000317168
5: 0.987949 0.99727 0.992684 0.9862 0.923406 0.744448 0.174823
4: 0.988052 0.991675 0.97453 0.944357 0.772743 0.42262 0.0578353
4: 0.9894 0.979759 0.930776 0.84925 0.536713 0.183273 0.0210844
4: 0.9894 0.979759 0.930776 0.84925 0.536713 0.183273 0.0210844
4: 0.986511 0.981089 0.943182 0.88504 0.620054 0.271911 0.0362719
5: 0.988555 0.99832 0.995663 0.992323 0.952132 0.830899 0.248025
5: 0.987499 0.995448 0.987247 0.974005 0.875103 0.621525 0.113872
6: 0.975746 0.999879 0.999848 0.999889 0.998908 0.998486 0.976756
1: 0.985285 0.696886 0.343635 0.17563 0.0576285 0.0128314 0.00235517
2: 0.98554 0.826534 0.536153 0.322764 0.114778 0.0270096 0.00435822
4: 0.990249 0.992609 0.974151 0.933859 0.745131 0.346212 0.0391849
4: 0.990249 0.992609 0.974151 0.933859 0.745131 0.346212 0.0391849
1: 0.986078 0.712421 0.364475 0.179506 0.0592778 0.0125467 0.00217488
6: 0.978804 0.999766 0.999592 0.999573 0.996871 0.993565 0.914564
6: 0.969228 0.999854 0.999767 0.999808 0.998645 0.997886 0.973554
1: 0.984898 0.67021 0.32962 0.166012 0.0541118 0.0121335 0.00224744
4: 0.989677 0.9805 0.932526 0.84945 0.538085 0.180477 0.0202716
3: 0.990108 0.935809 0.805167 0.587533 0.244673 0.0518729 0.00582383
mean zero one error: 0.571429
class 1 0
	Recall: 0.4 (2/5)
	Precison: 0.666667 (2/3)
class 2 1
	Recall: 0.25 (1/4)
	Precison: 0.125 (1/8)
class 3 2
	Recall: 0.444444 (4/9)
	Precison: 0.571429 (4/7)
class 4 3
	Recall: 0.25 (1/4)
	Precison: 0.25 (1/4)
class 5 4
	Recall: 0.5 (4/8)
	Precison: 0.444444 (4/9)
class 6 5
	Recall: 0.333333 (2/6)
	Precison: 0.4 (2/5)
class 7 6
	Recall: 0.666667 (4/6)
	Precison: 0.666667 (4/6)
mean absolute error: 0.595238

