32 5 10 5
10 10 100 100 1000 1 1 1 1 1 1 1 10 10 100 1 1 1 1 1 1 10 100 100 1000 1 1 1 1 1 1 10
5 10 0 32
5
10
0
1 1 1 1 1 1 1 1 1 1 
-0.465939 -0.0172175 -0.832721 -0.371405 -0.0286856 0.713791 0.570525 0.827221 -0.086865 1.02278 1.03867
0.0706305 -0.889368 -0.286429 0.60196 0.202238 -0.399474 -0.397856 0.342438 0.730153 0.425255 0.290885
0.215745 -0.909549 -0.184633 0.266304 0.570108 -0.511626 -0.462596 0.156465 0.255527 0.202661 -0.0136991
0.611381 -0.855382 0.374546 0.813754 0.362958 -0.671285 -0.374364 0.0229304 0.588247 -0.0446925 -0.0694523
0.406836 -0.763717 0.424765 0.941329 0.0160013 -0.805111 -0.537864 -0.319601 0.701097 -0.440775 -0.290122
10
0
32
1 1 1 1 1 1 1 1 1 1 1 1 1 1 1 1 1 1 1 1 1 1 1 1 1 1 1 1 1 1 1 1 
0.092438 -0.30298 -0.155906 -0.107065 -0.334845 0.129038 0.0629749 0.0233271 0.0678833 0.18281 -0.00873171 -0.0219564 -0.103751 -0.0858264 -0.0382513 -0.0211672 -0.0507522 -0.0594958 0.0684314 0.0683671 0.0743645 0.118653 -0.143209 -0.0195571 -0.0748142 0.0321695 0.0450239 0.0166395 0.0500916 0.318265 0.0429738 0.047591 0.123306
0.0464345 0.469576 0.514022 0.418369 0.945789 -0.201496 -0.0709268 -0.00408713 -0.0560673 -0.348852 -0.119218 -0.649787 0.608764 -0.247424 0.297935 -0.072481 -0.0753647 -0.0170036 -0.0592991 0.042815 -0.0852899 -0.503192 0.661395 -0.0655167 -0.111625 -0.287344 -0.374905 -0.209164 -0.224316 -0.61874 -0.292511 0.232454 -0.462882
-0.0818438 -0.190271 -0.0553863 -0.115973 -0.0570932 0.0584585 0.0495883 0.0006677 0.0265948 -0.0447769 -0.0315404 -0.192516 0.0283119 -0.108564 -0.199477 0.0253924 0.0417707 -0.0713597 0.0610625 -0.0373783 -0.0342989 0.00367862 -0.0471963 0.0198903 -0.137928 0.0257273 -0.0349876 0.0751831 -0.0483067 0.0426932 0.0768601 0.0282424 0.0366966
-0.369175 -0.368501 -0.25178 -0.269905 -0.637805 0.176599 0.114525 -0.0821947 0.11365 0.216835 0.108929 0.269474 -0.436505 -0.0588434 -0.310621 -0.0397323 -0.0845282 -0.0120683 0.0447188 -0.0412445 0.0591281 0.430331 -0.359216 0.0770603 0.0368216 0.103884 0.0214344 -0.0387516 0.138023 0.592816 0.156615 0.031394 0.269155
0.158968 -0.254052 -0.227659 -0.251994 -0.332483 0.0306911 -0.0523471 0.0736423 0.064825 0.0844583 0.0922875 0.323093 -0.217853 0.190577 0.0389102 -0.0326061 -0.0399894 0.0194969 -0.0294218 -0.0320377 -0.0573421 0.186412 -0.341405 0.0954164 0.0423315 0.01559 -0.0661054 0.0638366 0.131009 0.277995 0.0464095 -0.191474 0.106964
0.331235 0.325626 0.300107 0.233857 0.597363 -0.136918 -0.0800156 -0.0512445 0.00350784 -0.287304 -0.0116036 -0.224019 0.41967 -0.0757582 0.223961 -0.059616 0.077386 0.0918879 -0.0253241 0.0726411 -0.0823689 -0.260331 0.452263 -0.092486 -0.15146 -0.139303 6.91364e-05 -0.0899074 -0.08372 -0.409753 -0.182329 -0.0269658 -0.159509
0.0435703 0.330468 0.250068 0.260931 0.454862 -0.0919437 0.0121848 0.0365432 -0.0117194 -0.102424 -0.0843168 -0.187491 0.352993 -0.158669 0.088847 0.0434637 -0.0517252 -0.0227403 -0.0666643 -0.0562573 0.044652 -0.26817 0.285689 -0.0791376 -0.0201653 -0.0271493 -0.0979195 -0.0585751 -0.0604742 -0.350121 -0.0424618 0.0630485 -0.0816803
0.0969047 0.133526 0.0695371 0.0597648 0.120547 -0.0291961 0.0616829 0.0921785 -0.0438239 0.0616029 -0.0470221 0.0985205 0.0749079 0.164554 0.154379 0.052154 0.0783824 -0.0170923 -0.0347969 -0.0223558 -0.0657325 0.290866 -0.00952909 0.218753 0.0893072 0.0719568 0.116614 0.040576 0.0769184 -0.0182591 0.0848244 0.0992448 0.105897
-0.319876 -0.311916 -0.232931 -0.138089 -0.447298 0.0325169 -0.0145042 -0.0877011 0.0841582 0.16534 0.0186532 0.223711 -0.439878 0.0861917 -0.39557 -0.0575258 0.0707569 0.047647 0.0458703 -0.0445142 -0.0364239 0.395476 -0.452566 0.058093 0.0842321 0.177348 0.0541337 -0.0912036 0.22671 0.519591 0.210613 -0.0265008 0.241578
0.0374764 0.242031 0.0808551 0.0934235 0.131537 0.0829827 -0.0524609 -0.00509853 -0.0491309 -0.0110769 -0.0282065 0.190681 0.0432951 0.132731 0.175035 -0.0329403 0.0418284 0.0816604 -0.0649227 0.057383 -0.0483212 0.193766 0.0616157 0.128767 0.197508 -0.0321804 0.00895865 0.120986 -0.00658108 0.0587305 0.0787741 0.110486 0.158907
