225 1000 4000 2 3 6 1
112 1000 1000 0 1 4 1
480 96 512 0 1 1 1
800 768 2000 0 0 0 1
810 1000 5000 0 1 1 1
56 1000 4000 0 1 6 1
330 1000 2000 0 1 2 1
240 512 1000 8 1 3 1
50 500 2000 8 1 4 1
350 64 64 0 1 4 1
1100 768 2000 0 1 1 1
240 512 2000 8 1 5 1
700 256 2000 0 1 1 1
330 1000 3000 0 2 4 1
180 512 4000 0 1 3 1
800 256 8000 0 1 4 1
203 1000 2000 0 1 5 1
700 384 8000 0 1 1 1
800 256 8000 0 1 4 1
140 2000 4000 8 1 20 1
56 2000 8000 0 1 8 1
105 2000 4000 8 3 8 1
900 1000 4000 8 1 2 1
1500 768 2000 0 0 0 1
800 256 8000 0 1 4 1
330 1000 4000 0 3 6 1
800 256 8000 0 1 4 1
900 512 1000 0 1 2 1
175 256 2000 0 3 24 1
1100 512 1500 0 1 1 1
100 1000 8000 0 2 6 1
180 262 4000 0 1 3 1
810 512 512 8 1 1 1
320 128 6000 0 1 12 1
900 1000 4000 4 1 2 1
180 262 4000 0 1 3 1
600 768 2000 0 1 1 1
143 512 5000 0 7 32 2
200 1000 2000 0 1 2 2
150 512 4000 0 8 128 2
200 1000 8000 0 1 2 2
250 512 4000 0 1 7 2
225 2000 4000 8 3 6 2
110 1000 4000 16 1 2 2
320 256 6000 0 1 6 2
50 2000 4000 0 3 6 2
50 2620 10480 30 12 24 2
143 3100 6200 0 5 20 2
200 512 16000 0 4 32 2
300 192 768 6 6 24 2
400 2000 4000 0 1 1 2
140 2000 4000 0 3 6 2
160 1000 4000 8 1 14 2
50 1000 4000 8 3 5 2
100 1000 8000 24 2 6 2
50 1000 4000 8 1 5 2
105 2000 6000 16 6 16 2
300 768 3000 0 6 24 2
100 1000 8000 24 3 6 2
320 256 3000 4 1 3 2
143 1000 2000 0 5 16 2
320 256 5000 4 1 6 2
160 512 4000 2 1 5 2
56 4000 8000 0 1 8 2
400 4000 8000 0 1 1 2
105 256 2000 0 3 10 2
900 2000 4000 0 3 6 2
300 1000 4000 8 3 64 2
200 1000 4000 0 1 4 2
300 1000 16000 8 2 112 2
50 1000 8000 8 3 5 2
250 512 4000 0 4 7 3
115 512 6000 16 1 6 3
56 4000 12000 0 1 8 3
250 1000 16000 1 1 8 3
300 384 12000 6 1 24 3
50 2000 8000 8 3 6 3
50 2620 10480 30 12 24 3
300 768 4500 0 1 24 3
92 2000 8000 4 1 6 3
125 2000 8000 0 2 14 3
160 1000 8000 16 1 14 3
320 512 8000 4 1 5 3
180 2000 8000 8 1 6 3
105 2000 8000 16 4 14 3
50 2000 16000 8 3 6 3
50 2000 16000 12 3 16 3
50 2000 16000 24 6 16 3
200 512 8000 8 1 8 3
300 768 3000 6 6 24 3
50 2000 16000 8 3 5 3
25 2000 12000 8 1 4 3
115 2000 8000 16 1 3 3
480 1000 4000 0 0 0 3
124 1000 8000 0 1 8 3
56 4000 16000 0 1 8 3
110 1000 12000 16 1 2 3
50 2000 16000 8 3 6 3
50 2000 8000 8 1 6 3
200 2000 8000 64 1 5 3
75 2000 8000 8 3 24 3
115 2000 4000 2 1 5 3
143 2300 6200 0 6 64 3
56 5240 20970 30 12 24 4
220 1000 8000 16 1 2 4
180 768 12000 6 1 31 4
70 4000 12000 8 6 8 4
60 2000 8000 65 1 8 4
60 4000 16000 32 1 6 4
52 4000 16000 32 4 12 4
140 2000 32000 32 1 20 4
17 4000 16000 32 6 12 4
133 1000 12000 9 3 12 4
75 3000 8000 8 3 48 4
320 512 2000 4 1 3 4
38 8000 16000 64 4 8 4
60 4000 16000 64 5 8 4
180 2000 16000 16 1 6 4
50 2000 16000 24 1 6 4
17 4000 16000 8 6 12 4
29 8000 16000 32 8 16 4
50 2000 32000 24 6 26 4
50 2000 16000 24 1 6 4
50 4000 16000 64 5 10 4
133 1000 8000 9 3 12 4
59 4000 12000 32 6 12 4
116 2000 8000 32 5 28 4
72 2000 8000 16 6 8 4
320 512 5000 4 1 5 4
140 2000 8000 32 1 54 4
140 1000 16000 16 1 3 4
57 4000 16000 1 6 12 4
50 4000 16000 65 1 8 4
160 2000 8000 32 1 13 4
110 3100 6200 0 6 64 4
40 8000 32000 64 8 24 5
59 8000 16000 64 12 24 5
23 16000 32000 64 16 32 5
26 8000 32000 0 8 24 5
23 16000 32000 64 16 32 5
26 16000 32000 64 8 24 5
38 8000 24000 160 4 8 5
75 2000 16000 128 1 38 5
26 16000 32000 64 16 24 5
35 8000 32000 64 8 24 5
140 2000 32000 32 1 54 5
29 8000 32000 32 8 32 5
50 4000 32000 112 52 104 5
29 8000 32000 32 8 32 5
75 2000 16000 64 1 38 5
38 8000 32000 64 8 24 5
140 2000 32000 32 1 54 5
50 2000 32000 48 26 52 5
48 4000 24000 32 8 24 5
64 5240 20970 30 12 24 5
72 4000 16000 64 8 16 5
26 8000 32000 128 24 32 5
23 32000 64000 128 32 64 5
38 4000 16000 128 16 32 5
26 8000 24000 32 8 16 5
23 16000 64000 64 16 32 5
29 8000 32000 32 8 32 5
26 8000 32000 64 8 32 5
30 8000 64000 96 12 176 5
38 16000 32000 128 16 32 5
25 1310 2620 131 12 24 5
26 8000 32000 64 12 16 5
