6
10 0 1 2 3 4 5 6 7 8 9
146
0 400 1000 3000 0 1 2
0 350 64 64 0 1 4
0 143 512 5000 0 7 32
0 143 1000 2000 0 5 16
0 143 1500 6300 0 5 32
0 143 3100 6200 0 5 20
0 320 128 6000 0 1 12
0 50 2620 10480 30 12 24
0 50 1000 4000 8 1 5
0 50 1000 4000 8 3 5
0 50 1000 8000 8 3 5
0 50 2000 16000 8 3 5
0 50 2000 16000 8 3 6
0 810 1000 5000 0 1 1
0 700 384 8000 0 1 1
0 110 1000 4000 16 1 2
0 800 256 8000 0 1 4
0 800 256 8000 0 1 4
0 800 256 8000 0 1 4
0 800 256 8000 0 1 4
0 125 512 1000 0 8 20
0 105 256 2000 0 3 10
0 105 1000 4000 0 3 24
0 105 2000 4000 8 3 19
0 175 256 2000 0 3 24
0 300 768 3000 0 6 24
0 300 768 12000 6 6 24
0 300 768 4500 0 1 24
0 300 384 12000 6 1 24
0 300 192 768 6 6 24
0 330 1000 3000 0 2 4
0 300 1000 4000 8 3 64
0 300 1000 16000 8 2 112
0 330 1000 2000 0 1 2
0 330 1000 4000 0 3 6
0 140 2000 4000 0 3 6
0 140 2000 4000 8 1 20
0 480 96 512 0 1 1
0 203 1000 2000 0 1 5
0 1100 512 1500 0 1 1
0 1100 768 2000 0 1 1
0 600 768 2000 0 1 1
0 400 2000 4000 0 1 1
0 400 4000 8000 0 1 1
0 900 1000 1000 0 1 2
0 900 512 1000 0 1 2
0 900 1000 4000 4 1 2
0 900 1000 4000 8 1 2
0 900 2000 4000 0 3 6
0 225 2000 4000 8 3 6
0 225 2000 4000 8 3 6
0 25 2000 12000 8 1 4
0 1500 768 2000 0 0 0
0 50 2000 8000 8 3 6
0 100 1000 8000 0 2 6
0 100 1000 8000 24 2 6
0 100 1000 8000 24 3 6
0 50 2000 16000 24 6 16
0 150 512 4000 0 8 128
0 115 2000 4000 2 1 5
0 92 2000 8000 4 1 6
0 112 1000 1000 0 1 4
0 84 1000 2000 0 1 6
0 56 1000 4000 0 1 6
0 56 2000 6000 0 1 8
0 56 4000 12000 0 1 8
0 56 4000 16000 0 1 8
0 38 4000 8000 32 16 32
0 200 1000 2000 0 1 2
0 200 1000 4000 0 1 4
0 250 512 4000 0 4 7
0 250 1000 16000 1 1 8
0 160 512 2000 2 3 8
0 240 512 2000 8 1 5
0 105 2000 6000 16 6 16
0 180 262 4000 0 1 3
0 180 262 4000 0 1 3
0 180 512 4000 0 1 3
0 124 1000 8000 0 1 8
0 98 1000 8000 32 2 8
0 480 1000 4000 0 0 0
1 60 2000 8000 65 1 8
1 143 2300 6200 0 6 64
1 320 512 2000 4 1 3
1 50 2620 10480 30 12 24
1 50 2000 8000 8 1 5
1 50 2000 16000 8 3 6
1 133 1000 12000 9 3 12
1 133 1000 8000 9 3 12
1 220 1000 8000 16 1 2
1 75 2000 8000 8 3 24
1 75 3000 8000 8 3 48
1 180 768 12000 6 1 31
1 140 2000 8000 32 1 54
1 185 2000 16000 16 1 6
1 180 2000 16000 16 1 6
1 50 2000 16000 24 1 6
1 50 2000 16000 24 1 6
1 50 2000 16000 24 6 16
1 92 2000 8000 32 1 6
1 92 2000 8000 32 1 6
1 60 2000 16000 64 5 8
1 60 4000 16000 64 5 8
1 105 2000 8000 16 4 14
1 70 4000 12000 8 6 8
1 116 2000 8000 32 5 28
1 480 512 8000 32 0 0
2 29 8000 16000 32 8 16
2 50 4000 16000 65 1 8
2 110 5000 5000 142 8 64
2 56 5240 20970 30 12 24
2 140 1000 16000 16 1 3
2 75 2000 8000 64 1 38
2 140 2000 32000 32 1 54
2 57 4000 16000 1 6 12
2 17 4000 16000 32 6 12
2 50 8000 16000 48 1 10
2 50 4000 16000 64 5 10
2 38 4000 8000 32 16 32
2 50 2000 32000 24 6 26
3 125 256 6000 256 16 128
3 140 2000 32000 32 1 54
3 26 8000 16000 0 8 16
3 59 8000 16000 64 12 24
3 26 8000 24000 32 8 16
4 57 4000 24000 64 12 16
4 40 8000 16000 32 8 16
4 48 4000 24000 32 8 24
4 38 4000 16000 128 16 32
4 26 8000 32000 64 12 16
5 29 8000 32000 32 8 32
5 25 1310 2620 131 12 24
5 75 2000 16000 128 1 38
5 40 8000 32000 64 8 24
6 26 8000 32000 64 8 32
6 50 2000 32000 112 52 104
7 23 16000 32000 64 16 32
7 35 8000 32000 64 8 24
7 50 4000 32000 112 52 104
8 26 16000 32000 64 16 24
8 26 16000 32000 64 8 24
8 26 8000 32000 128 24 32
9 23 32000 64000 128 32 64
9 38 16000 32000 128 16 32
9 30 8000 64000 96 12 176
9 30 8000 64000 128 12 176
